tree
version=v4
num_class=1
num_tree_per_iteration=1
label_index=0
max_feature_idx=15
objective=binary sigmoid:1
feature_names=Column_0 Column_1 Column_2 Column_3 Column_4 Column_5 Column_6 Column_7 Column_8 Column_9 Column_10 Column_11 Column_12 Column_13 Column_14 Column_15
feature_infos=[25.091999999999999:124.7559] [5:1097] [205:17955] [0:0.3475752669146166] [0:23] [0:1] none [0:85.755899999999997] [0:67.755899999999997] [0:79.755899999999997] [0:947] [0:747] [0:497] [0:14955] [0:9955] [0:2955]
tree_sizes=2187 2432 2771 2447 2555 3081 3296 3400 3404 3400

Tree=0
num_leaves=20
num_cat=0
split_feature=7 2 1 0 0 10 1 2 4 13 4 3 0 2 1 1 0 0 0
split_gain=960.356 423.538 54.4032 64.8838 15.7854 13.9948 31.2792 28.2872 12.3327 2.20438 11.7455 3.02166 3.41223 0.446452 0.055615 1.13687e-13 2.84217e-14 1.42109e-14 1.42109e-14
threshold=5.9914400000000017 1981.5000000000002 698.50000000000011 39.060750000000006 51.642000000000003 104.00000000000001 523.50000000000011 6023.0000000000009 6.5000000000000009 1129.5000000000002 13.500000000000002 0.008902687440503378 57.685000000000009 3531.5000000000005 152.50000000000003 110.00000000000001 54.656500000000008 47.651710000000001 47.819280000000006
decision_type=2 2 2 2 2 2 2 2 2 2 2 2 2 2 2 2 2 2 2
left_child=2 -2 14 -4 5 17 7 8 -7 10 11 16 13 -13 15 -1 -6 -3 -8
right_child=1 4 3 -5 9 6 18 -9 -10 -11 -12 12 -14 -15 -16 -17 -18 -19 -20
leaf_value=-0.099999965156318232 -0.099999965156318232 0.10000003484368174 -0.099999965156318191 0.10000003484368178 0.10000003484368178 0.034230391602398512 0.10000003484368174 0.10000003484368178 -0.046849749204251841 0.10000003484368178 0.02562389526636457 0.10000003484368181 0.032672212708432694 0.076745991791889401 -0.095864686925771728 -0.099999965156318232 0.10000003484368178 0.10000003484368178 0.10000003484368178
leaf_weight=119.5717031955719 35.366278409957886 8.8891163468360919 8.4205424785614031 7.8224223852157584 6.2223814427852622 7.6818502247333589 7.1112930774688747 7.289075404405593 12.041651487350462 87.646687179803848 6.7929385900497428 4.8001228272914869 3.7520339488983145 3.6211090087890625 8.5983248054981214 29.892925798892975 45.867840349674225 11.555851250886915 11.555851250886915
leaf_count=284 84 50 20 44 35 35 40 41 39 493 30 27 17 19 21 71 258 65 65
internal_value=3.65859e-08 0.0608414 -0.0908205 -0.0036823 0.0861423 0.0656173 0.0502286 0.0158338 -0.0152709 0.0946942 0.0881495 0.0947588 0.0723311 0.0900009 -0.099775 -0.1 0.1 0.1 0.1
internal_weight=434.5 260.194 174.306 16.243 224.828 66.1247 45.6797 27.0126 19.7235 158.703 71.0564 64.2635 12.1733 8.42123 158.063 149.465 52.0902 20.445 18.6671
internal_count=1738 1298 440 64 1214 335 220 115 74 879 386 356 63 46 376 355 293 115 105
is_linear=0
shrinkage=1


Tree=1
num_leaves=22
num_cat=0
split_feature=7 2 1 0 0 10 1 2 4 13 4 3 0 0 2 1 0 2 0 0 0
split_gain=868.869 383.14 49.2249 58.7093 14.3129 12.689 28.3356 25.5954 11.2057 2.00682 10.6637 2.7507 3.09635 0.410032 0.0541138 4.47147e-05 5.68434e-14 5.68434e-14 2.84217e-14 1.42109e-14 1.42109e-14
threshold=5.9914400000000017 1981.5000000000002 698.50000000000011 39.060750000000006 51.642000000000003 104.00000000000001 523.50000000000011 6023.0000000000009 7.5000000000000009 1129.5000000000002 13.500000000000002 0.008902687440503378 57.685000000000009 54.12850000000001 3957.0000000000005 145.50000000000003 42.735305000000004 2050.0000000000005 93.994140000000016 50.142500000000005 49.490500000000004
decision_type=2 2 2 2 2 2 2 2 2 2 2 2 2 2 2 2 2 2 2 2 2
left_child=2 -2 14 -4 5 19 7 8 -7 10 11 18 13 -13 15 16 17 -1 -6 -3 -8
right_child=1 4 3 -5 9 6 20 -9 -10 -11 -12 12 -14 -15 -16 -17 -18 -19 -20 -21 -22
leaf_value=-0.095241875818634414 -0.095241875818634414 0.095241867632389982 -0.095241875818634358 0.095241867632390009 0.095241867632390009 0.028983616174978112 0.095241867632389982 0.095241867632390009 -0.04718223005303001 0.095241867632390009 0.024346731009760751 0.073497537632399954 0.031046995410434999 0.095692451897837635 -0.09116469830429072 -0.09535793744174377 -0.095241875818634414 -0.095241875818634414 0.095241867632390009 0.095241867632390009 0.095241867632390009
leaf_weight=88.195021748542786 35.278008699417114 15.251120895147325 8.3995258808136004 7.8028990626335135 48.41344191133976 8.4557662308216148 11.704348593950273 7.2708832174539557 11.258880734443663 87.427937224507332 6.7918236851692191 3.7911167293786985 3.7510329484939566 4.6128079891204834 8.5774953514337522 8.820607125759123 10.499407351016997 41.577653110027313 3.5467723011970511 5.1428198367357245 6.9162059873342505
leaf_count=210 84 86 20 44 273 38 66 41 36 493 30 20 17 26 21 21 25 99 20 29 39
internal_value=-1.05051e-08 0.0579311 -0.0864983 -0.00350712 0.0820185 0.062457 0.0477964 0.0150581 -0.0145141 0.0901725 0.083922 0.0902329 0.0688202 0.08568 -0.0950266 -0.0952487 -0.0952419 -0.0952419 0.0952419 0.0952419 0.0952419
internal_weight=433.486 259.613 173.873 16.2024 224.335 66 45.6061 26.9855 19.7146 158.335 70.907 64.1152 12.155 8.40392 157.67 149.093 140.272 129.773 51.9602 20.3939 18.6206
internal_count=1738 1298 440 64 1214 335 220 115 74 879 386 356 63 46 376 355 334 309 293 115 105
is_linear=0
shrinkage=0.05


Tree=2
num_leaves=25
num_cat=0
split_feature=7 2 1 0 0 10 1 2 4 13 4 3 0 3 1 2 1 0 1 0 0 1 0 1
split_gain=789.682 348.095 44.7502 53.3757 13.0894 11.6034 25.8465 23.2702 10.1441 1.85626 9.78669 2.5443 2.83717 0.41906 0.0502855 3.7486e-05 6.87606e-09 5.68434e-14 5.68434e-14 1.42109e-14 1.42109e-14 7.10543e-15 3.55271e-15 3.55271e-15
threshold=5.9914400000000017 1981.5000000000002 698.50000000000011 39.060750000000006 51.642000000000003 104.00000000000001 523.50000000000011 6023.0000000000009 6.5000000000000009 1129.5000000000002 13.500000000000002 0.008902687440503378 57.685000000000009 0.042975900980122946 152.50000000000003 3835.5000000000005 132.50000000000003 53.624000000000002 108.50000000000001 62.268930000000005 48.098350000000003 698.50000000000011 41.055315000000007 124.50000000000001
decision_type=2 2 2 2 2 2 2 2 2 2 2 2 2 2 2 2 2 2 2 2 2 2 2 2
left_child=2 19 14 -4 5 20 7 8 -7 10 11 -6 13 -13 15 16 18 -11 -1 -2 -3 -8 -5 -22
right_child=1 4 3 22 9 6 21 -9 -10 17 -12 12 -14 -15 -16 -17 -18 -19 -20 -21 23 -23 -24 -25
leaf_value=-0.091131783180617709 -0.091131783180617709 0.091131785215340572 -0.091131783180617654 0.091131785215340599 0.091131785215340599 0.031101760403273278 0.091131785215340558 0.091131785215340599 -0.042484977190730799 0.091131785215340599 0.023140289676113576 0.069520044672749678 0.029517235571210561 0.092022573233306676 -0.087187923271655948 -0.091240787437417981 -0.091130448360091224 0.091131785215340599 -0.091131783180617709 -0.091131783180617709 0.091131785215340613 0.091131785215340599 0.091131785215340586 0.091131785215340586
leaf_weight=113.01788586378098 24.188329815864563 10.742026418447496 8.3408033847808856 4.0502722561359397 51.596946567296982 7.6741810888052049 6.8678529560565975 7.2200505435466757 12.016724497079847 8.4527420997619611 6.7886996269226065 3.7687510401010496 3.7482280731201163 4.5873080343008041 8.5214240998029691 8.3429275751113874 10.425971060991285 78.363963216543198 16.264566600322723 10.843044400215147 5.8112601935863477 11.622520387172697 3.6980746686458588 3.6980746686458588
leaf_count=271 58 61 20 23 293 35 39 41 39 48 30 20 17 26 21 20 25 445 39 26 33 66 21 21
internal_value=-5.84071e-08 0.0553896 -0.0827631 -0.00335578 0.0784111 0.0596583 0.0456195 0.0143483 -0.0138059 0.0862376 0.0802099 0.0862919 0.0656608 0.0818735 -0.0909229 -0.0911378 -0.0911317 0.0911318 -0.0911318 -0.0911318 0.0911318 0.0911318 0.0911318 0.0911318
internal_weight=430.653 257.991 172.662 16.0892 222.959 65.6527 45.4013 26.911 19.6909 157.307 70.4899 63.7012 12.1043 8.35606 156.573 148.051 139.708 86.8167 129.282 35.0314 20.2514 18.4904 7.74835 9.50933
internal_count=1738 1298 440 64 1214 335 220 115 74 879 386 356 63 46 376 355 335 493 310 84 115 105 44 54
is_linear=0
shrinkage=0.05


Tree=3
num_leaves=22
num_cat=0
split_feature=7 2 1 0 0 10 1 2 4 13 4 3 0 4 2 1 2 1 0 0 0
split_gain=720.539 317.435 40.8483 48.7265 12.0584 10.6883 23.7157 21.2432 9.23706 1.74057 9.16258 3.02985 3.92455 0.50313 0.0501501 0.000110628 4.68094e-09 4.54747e-12 2.84217e-14 7.10543e-15 3.55271e-15
threshold=5.9914400000000017 1981.5000000000002 698.50000000000011 39.060750000000006 51.642000000000003 104.00000000000001 523.50000000000011 6023.0000000000009 7.5000000000000009 1129.5000000000002 17.500000000000004 0.008902687440503378 57.685000000000009 4.5000000000000009 3957.0000000000005 145.50000000000003 3474.5000000000005 130.50000000000003 53.776000000000003 48.098350000000003 41.055315000000007
decision_type=2 2 2 2 2 2 2 2 2 2 2 2 2 2 2 2 2 2 2 2 2
left_child=2 -2 14 -4 5 -3 7 8 -7 10 11 18 13 -13 15 16 17 -1 -6 -8 -5
right_child=1 4 3 20 9 6 19 -9 -10 -11 -12 12 -14 -15 -16 -17 -18 -19 -20 -21 -22
leaf_value=-0.087549100197563956 -0.087549100197563956 0.087549096558311279 -0.087549100197563956 0.087549096558311279 0.087549096558311279 0.026366342782547271 0.087549096558311224 0.087549096558311279 -0.042882319237763838 0.087549096558311279 0.011299215352841615 0.066105030657540018 0.024026707104077186 0.089940733851815682 -0.083594580209217062 -0.087733180517723164 -0.087547874359076905 -0.087549137473046434 0.087549096558311279 0.087549096558311279 0.087549096558311251
leaf_weight=120.86591249704361 34.650978326797485 20.031459257006645 8.2502329349517805 4.0062918514013282 4.5288516581058493 8.4406772106885963 7.4900238960981396 7.1416506916284552 11.21273612976074 85.873994901776314 4.9430444240570059 3.7360417693853361 4.6969915181398383 5.4341205358505249 8.4326132982969266 8.6686775982379896 8.2501947581768018 8.6627461016178113 46.507822796702385 10.799569338560103 3.6579186469316483
leaf_count=293 84 115 20 23 26 38 43 41 36 493 21 20 21 31 21 21 20 21 267 62 21
internal_value=-1.23493e-07 0.0531497 -0.0795058 -0.00322385 0.0752264 0.0571585 0.0436557 0.0136953 -0.0131417 0.0827817 0.0769203 0.0819179 0.061193 0.0802298 -0.087344 -0.0875599 -0.087549 -0.0875491 0.0875491 0.0875491 0.0875491
internal_weight=426.283 255.488 170.795 15.9144 220.837 65.1161 45.0847 26.7951 19.6534 155.721 69.8469 64.9038 13.8672 9.17016 154.88 146.448 137.779 129.529 51.0367 18.2896 7.66421
internal_count=1738 1298 440 64 1214 335 220 115 74 879 386 365 72 51 376 355 334 314 293 105 44
is_linear=0
shrinkage=0.05


Tree=4
num_leaves=23
num_cat=0
split_feature=7 2 1 0 0 10 1 2 4 13 4 3 2 0 1 2 1 2 0 0 0 0
split_gain=659.704 290.415 37.4192 44.642 11.1814 9.90866 21.8734 19.4627 8.36987 1.65069 8.51451 2.87748 3.67897 0.562132 0.0480789 9.55544e-05 3.04028e-08 2.89901e-12 5.68434e-14 2.84217e-14 1.42109e-14 7.10543e-15
threshold=5.9914400000000017 1981.5000000000002 698.50000000000011 39.060750000000006 51.642000000000003 104.00000000000001 523.50000000000011 6023.0000000000009 6.5000000000000009 1129.5000000000002 17.500000000000004 0.008902687440503378 2893.5000000000005 54.939820000000005 152.50000000000003 3835.5000000000005 132.50000000000003 3339.0000000000005 41.769525000000009 91.674805000000006 59.95000000000001 52.125000000000007
decision_type=2 2 2 2 2 2 2 2 2 2 2 2 2 2 2 2 2 2 2 2 2 2
left_child=2 20 14 -4 5 -3 7 8 -7 10 11 19 -13 -14 15 16 17 18 -1 -6 21 -2
right_child=1 4 3 -5 9 6 -8 -9 -10 -11 -12 12 13 -15 -16 -17 -18 -19 -20 -21 -22 -23
leaf_value=-0.084401502550972729 -0.084401502550972715 0.084401502907509543 -0.084401502550972729 0.084401502907509543 0.084401502907509543 0.028306376977690634 0.084401502907509543 0.084401502907509543 -0.038661344629912636 0.084401502907509543 0.010739154994014349 0.025228509668768984 0.063937125779748014 0.089752647700887839 -0.080502572660961599 -0.084577641230977663 -0.084398662086212634 -0.084401533362502695 -0.084401502550972729 0.084401502907509543 -0.084401502550972729 -0.084401502550972729
leaf_weight=101.66164487600327 11.792750805616381 19.746651649475098 8.1329315900802595 7.5552406311035147 45.331443786621094 7.6539480537176194 18.02955150604248 7.0401105880737296 11.951272189617155 84.653037071228027 4.9408465325832358 5.1613221168518058 3.7053607553243619 4.8936892300844193 8.3209799677133542 8.1405182778835279 10.166008919477461 8.1329327523708326 16.265863180160522 4.979590415954589 13.825983703136442 8.5395781695842725
leaf_count=250 29 115 20 44 264 35 105 41 39 493 21 24 20 28 21 20 25 20 40 29 34 21
internal_value=-1.96865e-07 0.0511595 -0.0766428 -0.00310795 0.072392 0.0549066 0.0418696 0.0130904 -0.0125169 0.0797225 0.073983 0.07886 0.058599 0.0786286 -0.0841982 -0.0844112 -0.0844013 -0.0844015 -0.0844015 0.0844015 -0.0844015 -0.0844015
internal_weight=420.621 252.245 168.376 15.6882 218.087 64.4215 44.6749 26.6453 19.6052 153.665 69.0123 64.0714 13.7604 8.59905 152.688 144.367 136.226 126.06 117.928 50.311 34.1583 20.3323
internal_count=1738 1298 440 64 1214 335 220 115 74 879 386 365 72 48 376 355 335 310 290 293 84 50
is_linear=0
shrinkage=0.05


Tree=5
num_leaves=28
num_cat=0
split_feature=7 2 1 0 0 1 1 2 4 2 3 2 11 1 2 2 0 0 4 1 2 1 0 0 0 0 0
split_gain=605.808 266.437 34.385 41.0288 10.4566 9.84675 24.4292 20.7893 5.95323 0.964737 6.77243 7.13439 0.610835 0.376599 0.048752 0.0127237 0.00372341 0.00259023 0.000394761 0.000162 2.13999e-08 3.4504e-11 2.84217e-14 2.84217e-14 1.42109e-14 7.10543e-15 7.10543e-15
threshold=5.9914400000000017 1981.5000000000002 698.50000000000011 39.060750000000006 53.218830000000004 523.50000000000011 268.50000000000006 6023.0000000000009 7.5000000000000009 3855.0000000000005 0.0092519274700053628 2893.5000000000005 39.000000000000007 222.50000000000003 3957.0000000000005 4322.5000000000009 51.642000000000003 51.642000000000003 12.500000000000002 145.50000000000003 3474.5000000000005 130.50000000000003 61.49222000000001 77.758500000000012 62.95564000000001 49.569275000000012 50.052415000000003
decision_type=2 2 2 2 2 2 2 2 2 2 2 2 2 2 2 2 2 2 2 2 2 2 2 2 2 2 2
left_child=2 24 14 -4 5 6 13 8 -8 10 18 -12 -10 16 19 -11 25 26 22 20 21 -1 -6 -17 -2 -3 -7
right_child=1 4 3 -5 9 17 7 -9 12 15 11 -13 -14 -15 -16 23 -18 -19 -20 -21 -22 -23 -24 -25 -26 -27 -28
leaf_value=-0.081617121082972366 -0.081617121082972366 0.081617121047488972 -0.081617121082972366 0.081617121047489027 0.081617121047489027 0.081617121047488986 0.017019395762196628 0.081617121047489027 -0.025082962851703135 0.084663032764946244 -0.003680708417887299 0.075433581895774177 -0.047623504182498139 0.064841157808892991 -0.077661627487992699 0.081617121047489027 0.083386810021995023 0.082810677751191664 0.08207113597372552 -0.081843268775326355 -0.081614459877122111 -0.081617226054978995 0.081617121047489027 0.081617121047489027 -0.081617121082972366 0.081617121047489027 0.081617121047489027
leaf_weight=117.10284861922264 25.179110795259476 12.657257169485101 7.9933685064315778 7.4255908727645874 13.838601171970366 13.163547456264501 8.8153157532215172 7.7631177306175223 5.6689596325159055 3.5926219671964637 5.3054737001657468 6.1561506241559982 6.3975371718406677 3.8077129423618308 8.1842472553253156 64.467629849910736 3.5712894201278678 6.1139725148677817 5.409046843647956 8.4063132107257825 7.9932173192501059 8.3930435180664045 27.845965772867203 10.632096022367476 8.3930369317531568 5.062902867794036 4.5566125810146323
leaf_count=293 63 75 20 44 82 78 39 46 20 21 22 34 20 21 21 382 21 36 32 21 20 21 165 63 21 30 27
internal_value=-3.39302e-07 0.0493755 -0.0741089 -0.00300542 0.0698465 0.055174 0.0433114 0.0117566 -0.0142151 0.0781401 0.0732804 0.0388124 -0.0370337 0.0793239 -0.0814139 0.0817562 0.081914 0.0819233 0.0816693 -0.0816304 -0.081617 -0.0816171 0.0816171 0.0816171 -0.0816171 0.0816171 0.0816171
internal_weight=413.897 248.398 165.499 15.419 214.826 77.5782 53.7441 28.6449 20.8818 137.248 58.5552 11.4616 12.0665 25.0992 150.08 78.6923 21.2914 23.8341 47.0936 141.895 133.489 125.496 41.6846 75.0997 33.5721 17.7202 17.7202
internal_count=1738 1298 440 64 1214 413 272 125 79 801 335 56 40 147 376 466 126 141 279 355 334 314 247 445 84 105 105
is_linear=0
shrinkage=0.05


Tree=6
num_leaves=30
num_cat=0
split_feature=7 2 1 0 0 2 3 1 1 0 3 2 3 2 0 2 13 1 0 2 4 1 1 7 0 2 1 0 0
split_gain=557.779 244.084 34.5227 39.1072 8.64928 8.6434 12.1073 16.285 12.7689 5.79489 3.35634 0.933076 6.47829 6.54528 0.306911 0.01005 0.00690595 0.00403984 0.00318598 0.000553482 0.000317085 4.33803e-05 2.94833e-05 3.88826e-07 3.66914e-07 7.12396e-09 1.57456e-11 2.84217e-14 3.55271e-15
threshold=6.2040100000000011 1981.5000000000002 698.50000000000011 39.060750000000006 53.218830000000004 5892.0000000000009 0.0049976715882471554 523.50000000000011 268.50000000000006 47.96200000000001 0.042039910148651723 3855.0000000000005 0.0092519274700053628 2893.5000000000005 42.735305000000004 4322.5000000000009 3429.5000000000005 357.00000000000006 51.337500000000006 3932.0000000000005 12.500000000000002 143.50000000000003 268.50000000000006 11.443500000000002 51.642000000000003 3447.0000000000005 128.50000000000003 76.360000000000014 47.96200000000001
decision_type=2 2 2 2 2 2 2 2 2 2 2 2 2 2 2 2 2 2 2 2 2 2 2 2 2 2 2 2 2
left_child=2 -2 14 -4 5 6 17 8 -8 -10 -11 12 20 -14 19 -13 -7 23 -9 21 -6 25 -18 28 -24 26 -1 -17 -3
right_child=1 4 3 -5 11 16 7 18 9 10 -12 15 13 -15 -16 27 22 -19 -20 -21 -22 -23 24 -25 -26 -27 -28 -29 -30
leaf_value=-0.079139122792276029 -0.079139122822445174 0.079139121524339912 -0.079139122822445174 0.079139121524339884 0.079139121524339898 0.081583993505336988 0.069285698955298694 0.079139121524339898 0.021217871135428237 -0.058893857498576223 -0.0059980597128181795 0.081869856750199532 -0.0034954302331586871 0.072467069829186714 -0.07120020356972924 0.079139121524339898 0.079265209146902299 0.080875055012712749 0.080993230835231078 -0.079569285365726258 0.079550039070217224 -0.079255142983659793 0.079139121524339898 0.079118519726692454 0.079120008542094958 -0.079137567960163469 -0.079139196280729282 0.079139121524339898 0.079139121524339884
leaf_weight=103.0362009704113 32.517128109931946 3.8048751354217512 7.8354525566101056 7.7751796245574951 40.861050367355347 3.4962164014577892 5.9382246285676983 6.7826035022735578 7.1336717009544399 6.7937251627445203 5.3688463568687439 3.5309788733720771 5.3073095530271512 6.0894175320863724 13.251590922474859 60.712572813034058 6.2933063507080105 4.8180234879255286 3.5190187096595764 8.2585193216800672 5.3040897548198691 8.6278881132602674 10.422049283981321 3.3079688549041748 3.3080140352249137 7.8353421390056601 7.8354578614234915 12.90348958969116 3.6394457817077637
leaf_count=263 83 23 20 47 247 21 34 41 31 21 21 21 22 34 36 367 38 29 21 21 32 22 63 20 20 20 20 78 22
internal_value=-4.77206e-07 0.048308 -0.0710439 -0.000305558 0.068105 0.05445 0.0429063 0.0267973 0.00517087 -0.0145598 -0.0355444 0.0756696 0.0708521 0.0370923 -0.0784628 0.0792641 0.0795336 0.0796719 0.0797725 -0.0791726 0.0791863 -0.0791469 0.0791756 0.0791328 0.0791345 -0.079139 -0.0791391 0.0791391 0.0791391
internal_weight=406.308 241.852 164.456 15.6106 209.335 74.626 51.1064 35.5361 25.2345 19.2962 12.1626 134.709 57.5619 11.3967 148.845 77.147 23.5196 15.5703 10.3016 135.593 46.1651 127.335 20.0234 10.7523 13.7301 118.707 110.872 73.6161 7.44432
internal_count=1738 1289 449 67 1206 405 263 169 107 73 42 801 335 56 382 466 142 94 62 346 279 325 121 65 83 303 283 445 45
is_linear=0
shrinkage=0.05


Tree=7
num_leaves=31
num_cat=0
split_feature=7 2 1 0 0 1 10 2 4 0 2 3 2 3 2 2 0 7 0 4 0 0 3 1 1 2 3 0 2 0
split_gain=514.944 225.837 29.2761 34.936 9.29957 8.69689 21.3268 18.7054 6.38157 7.19763 0.908073 6.22722 6.02386 0.768347 0.0501469 0.00800043 0.00253803 0.00169033 0.00058676 0.00025656 0.000255748 0.000180763 4.43565e-05 4.37997e-05 9.14157e-06 1.68677e-06 7.34055e-08 2.54086e-08 1.50168e-08 5.69145e-11
threshold=5.9914400000000017 1981.5000000000002 698.50000000000011 39.060750000000006 53.218830000000004 523.50000000000011 104.00000000000001 6023.0000000000009 7.5000000000000009 49.317205000000008 3855.0000000000005 0.0092519274700053628 2893.5000000000005 0.035484019711850785 3957.0000000000005 4322.5000000000009 51.75990500000001 17.710000000000004 45.852000000000011 12.500000000000002 42.735305000000004 51.337500000000006 0.0040134871390491442 143.50000000000003 329.00000000000006 2504.0000000000005 0.06277362152314582 49.840000000000011 3447.0000000000005 50.306485000000002
decision_type=2 2 2 2 2 2 2 2 2 2 2 2 2 2 2 2 2 2 2 2 2 2 2 2 2 2 2 2 2 2
left_child=2 29 14 -4 5 6 16 8 9 -8 11 19 -13 -10 20 -12 18 21 -3 -6 23 25 27 28 -9 -7 -27 -20 -1 -2
right_child=1 4 3 -5 10 17 7 24 13 -11 15 12 -14 -15 -16 -17 -18 -19 22 -21 -22 -23 -24 -25 -26 26 -28 -29 -30 -31
leaf_value=-0.07692196825149035 -0.0769218072663507 0.077713139433669712 -0.076921963380002109 0.076921963483753047 0.076921963483753047 0.076879513433839336 0.060247025607927419 0.077025603265559572 -0.045668463081746748 -0.028030795798604853 0.079382929408941524 -0.0033195601001383295 0.069770572654252169 -0.020843487886041796 -0.072843312872261992 0.076921963483753047 0.0786274038730327 0.078209679242662394 0.076921963483753061 0.077295680654237378 -0.077179785636187562 0.077303210075500797 0.077091989071758349 -0.077039772805540641 0.076917841986742244 0.076921963483753061 0.076914233932329462 0.076916463916134756 -0.076919729400216241 -0.076921963380002109
leaf_weight=108.42578253149986 7.662585735321044 3.4225764721632066 7.6625990867614728 7.1183160543441772 39.959637850522995 3.5574712157249548 5.0696095824241691 3.2392430156469327 6.9560537189245206 4.240314856171608 3.4612746387720099 5.3090208470821363 6.0105113238096237 5.6473498493432999 7.8622158765792838 71.992060095071793 3.2769866138696662 3.2698304355144492 5.9858566820621473 5.1887589097023001 11.142280668020247 3.5726768672466269 6.3211269676685324 8.4397512972354871 5.0149460136890411 6.9565361440181714 5.5000416040420532 3.2353992462158203 8.0455277264118177 24.520317077636719
leaf_count=283 20 21 20 44 247 22 26 20 22 16 21 22 34 20 21 445 20 20 37 32 29 22 39 22 31 43 34 20 21 64
internal_value=-3.6973e-07 0.0463039 -0.0698435 -0.00283253 0.0654448 0.0514207 0.0401965 0.0128095 -0.0113544 0.0200399 0.0734462 0.0686509 0.0354903 -0.0345449 -0.0767259 0.0770349 0.0773425 0.0771573 0.0771205 0.0769649 -0.0769503 0.0769816 0.07699 -0.0769298 0.0769601 0.0769099 0.0769186 0.07692 -0.0769218 -0.0769219
internal_weight=398.067 239.37 158.696 14.7809 207.187 75.266 52.4095 30.1675 21.9133 9.30992 131.921 56.4679 11.3195 12.6034 143.916 75.4533 22.2419 22.8566 18.965 45.1484 136.053 19.5867 15.5424 124.911 8.25419 16.014 12.4566 9.22126 116.471 32.1829
internal_count=1738 1298 440 64 1214 413 272 135 84 42 801 335 56 42 376 466 137 141 117 279 355 121 96 326 51 99 77 57 304 84
is_linear=0
shrinkage=0.05


Tree=8
num_leaves=31
num_cat=0
split_feature=7 2 1 0 0 1 10 2 4 2 2 3 3 1 2 0 7 0 0 2 0 0 3 1 2 4 1 3 0 2
split_gain=476.239 208.574 27.1014 32.3494 8.82411 8.22992 19.9848 17.3234 5.8332 1.83461 0.888598 6.01141 5.58994 0.0504547 0.00641287 0.00204276 0.00135561 0.000468002 0.000212157 0.000153697 0.000143821 0.000128779 3.51573e-05 7.24906e-06 1.33639e-06 1.30024e-06 1.29451e-07 5.80851e-08 2.01259e-08 4.99938e-11
threshold=5.9914400000000017 1981.5000000000002 698.50000000000011 39.060750000000006 53.218830000000004 523.50000000000011 104.00000000000001 6023.0000000000009 6.5000000000000009 4101.5000000000009 3855.0000000000005 0.0092519274700053628 0.078156785681225374 152.50000000000003 4322.5000000000009 51.75990500000001 17.710000000000004 45.852000000000011 55.656030000000008 3835.5000000000005 51.337500000000006 42.735305000000004 0.0040134871390491442 329.00000000000006 2504.0000000000005 12.500000000000002 132.50000000000003 0.06277362152314582 49.840000000000011 3339.0000000000005
decision_type=2 2 2 2 2 2 2 2 2 2 2 2 2 2 2 2 2 2 2 2 2 2 2 2 2 2 2 2 2 2
left_child=2 -2 13 -4 5 6 15 8 -8 -10 11 18 -13 19 -12 17 20 -3 -6 21 24 26 28 -9 -7 -20 29 -26 -19 -1
right_child=1 4 3 -5 10 16 7 23 9 -11 14 12 -14 -15 -16 -17 -18 22 25 -21 -22 -23 -24 -25 27 -27 -28 -29 -30 -31
leaf_value=-0.074928720305977331 -0.074928686357098082 0.075643599828541797 -0.07492872033614191 0.074928718876536432 0.075252638034673802 0.074890471364320005 0.02150072452856119 0.075022142501205091 -0.051404709817381961 -0.014211050425951608 0.077156817279126641 0.0098089048864248712 0.085440893913309585 -0.070788723548098176 0.074928718876536446 0.076475685358521006 0.076095352220865442 0.074928718876536446 0.074928718876536446 -0.075175640255616252 0.075272934864592272 -0.075120933551442934 0.075081942397225473 0.074925006136862843 0.074928718876536446 0.074897860155021978 -0.07492259272465214 0.074921758631361968 0.074923764174189778 -0.074928854374085405
leaf_weight=99.080750524997711 31.406714588403702 3.3424313664436403 7.4777925014495832 6.9466370940208435 5.6981887370347968 3.4715321958065095 8.5183258801698738 3.1614283025264722 6.1858820617198926 7.1450684368610382 3.3850084841251364 7.6408074945211393 3.5913747549057007 7.6843995302915564 70.25576151907444 3.2026085853576651 3.1945526450872412 5.8414902836084348 34.575307354331017 7.5021434426307669 3.487736612558364 9.3711726367473585 6.1696667522191992 4.893976554274559 6.7887589782476407 3.7875033617019644 9.3464716374874097 5.3673523664474487 3.1573515087366104 7.4778058528900138
leaf_count=265 84 21 20 44 36 22 39 20 19 26 21 35 21 21 445 20 20 37 219 20 22 25 39 31 43 24 25 34 20 20
internal_value=-2.27154e-07 0.0449748 -0.0680255 -0.00275913 0.063538 0.0497664 0.0387989 0.0122886 -0.0108183 -0.0314698 0.0714343 0.066644 0.0339915 -0.0747278 0.0750311 0.0753097 0.075142 0.075108 0.074968 -0.0749558 0.0749826 -0.0749426 0.07499 0.0749631 0.0749178 0.0749257 -0.0749282 0.0749256 0.074927 -0.0749287
internal_weight=389.156 234.269 154.887 14.4244 202.862 73.9282 51.6182 29.9047 21.8493 13.331 128.934 55.2932 11.2322 140.463 73.6408 21.7135 22.3099 18.5109 44.061 132.778 19.1154 125.276 15.1685 8.0554 15.6276 38.3628 115.905 12.1561 8.99884 106.559
internal_count=1738 1298 440 64 1214 413 272 135 84 45 801 335 56 376 466 137 141 117 279 355 121 335 96 51 99 243 310 77 57 285
is_linear=0
shrinkage=0.05


Tree=9
num_leaves=31
num_cat=0
split_feature=7 2 1 0 0 2 3 1 1 9 1 2 3 2 0 13 2 1 0 2 4 1 1 0 7 0 2 0 1 1
split_gain=441.276 192.254 27.3732 31.0413 7.39669 7.39601 10.1884 13.2289 7.5599 7.00187 3.85797 0.880108 5.85571 5.55976 0.27686 0.00789945 0.0051719 0.0049558 0.00170614 0.000558018 0.000179214 4.46021e-05 1.25321e-05 1.46985e-06 1.41617e-06 8.56321e-08 1.43199e-08 7.84549e-09 4.63219e-09 5.85487e-11
threshold=6.2040100000000011 1981.5000000000002 698.50000000000011 39.060750000000006 53.218830000000004 5892.0000000000009 0.0049976715882471554 523.50000000000011 300.50000000000006 6.0850000000000017 252.50000000000003 3855.0000000000005 0.0092519274700053628 2893.5000000000005 42.735305000000004 3429.5000000000005 4322.5000000000009 357.00000000000006 51.337500000000006 3932.0000000000005 12.500000000000002 143.50000000000003 268.50000000000006 51.642000000000003 11.443500000000002 55.656030000000008 3447.0000000000005 47.819280000000006 373.50000000000006 128.50000000000003
decision_type=2 2 2 2 2 2 2 2 2 2 2 2 2 2 2 2 2 2 2 2 2 2 2 2 2 2 2 2 2 2
left_child=2 -2 14 -4 5 6 17 8 10 -10 -8 12 20 -14 19 -7 -13 24 -9 21 25 26 -17 28 27 -6 29 -3 -24 -1
right_child=1 4 3 -5 11 15 7 18 9 -11 -12 16 13 -15 -16 22 -18 -19 -20 -21 -22 -23 23 -25 -26 -27 -28 -29 -30 -31
leaf_value=-0.073129107698525195 -0.073129108243702459 0.073125790361083728 -0.073129107740330185 0.073129190130285696 0.073121614520896147 0.075811624660424584 0.074341344989818273 0.073129230126151398 0.017897890533516689 -0.047542291080515366 0.0065624653666200173 0.075154668186711529 -0.0046509283764958392 0.066023891053251946 -0.065339685444623763 0.073207339170212729 0.073129103285671196 0.075113683853714378 0.074534171347875613 -0.073576490477390274 0.073448527824541518 -0.073251037891129078 0.073126919562503181 0.073088838454147195 0.073086803627745278 0.073129103285671196 -0.073126824047817604 0.073129165009983205 0.073129268334273356 -0.073129254759691315
leaf_weight=95.779848963022232 30.227101236581802 3.2291877418756467 7.2836387157440168 7.2276208400726318 4.3052979707717887 3.2693551480770138 4.5245488286018389 6.3049494624137861 8.040167763829233 8.3147174268960935 3.9170621782541275 3.3034899383783332 5.2922290563583356 5.8683063238859177 12.41947330534458 5.8506770282983807 68.431635126471519 4.4974539577960959 3.2877223491668701 7.7009659409523001 4.9354294538497916 8.0272275209426862 3.0754719674587232 3.0736044943332663 3.0735005885362625 33.677591219544411 7.2833745181560507 3.6906984150409698 6.6125117391347885 7.2836559414863578
leaf_count=263 83 21 20 47 28 21 29 41 34 27 17 21 22 34 36 38 445 29 21 21 32 22 20 20 20 219 20 24 43 20
internal_value=-2.44489e-07 0.044266 -0.0656168 -0.00028226 0.0623177 0.049385 0.0385695 0.0237514 0.00446305 -0.0153715 0.0428907 0.0695914 0.064775 0.0325105 -0.0724624 0.0735449 0.0732224 0.0737354 0.0736107 -0.0731641 0.0731651 -0.0731372 0.0731467 0.073119 0.073115 0.0731283 -0.073129 0.0731276 0.0731285 -0.0731291
internal_weight=379.809 226.803 153.006 14.5113 196.576 70.7616 48.88 34.3892 24.7965 16.3549 8.44161 125.814 54.0789 11.1605 138.495 21.8816 71.7351 14.4908 9.59267 126.075 42.9183 118.374 18.6123 12.7616 9.99339 37.9829 110.347 6.91989 9.68798 103.064
internal_count=1738 1289 449 67 1206 405 263 169 107 61 46 801 335 56 382 142 466 94 62 346 279 325 121 83 65 247 303 45 63 283
is_linear=0
shrinkage=0.05


end of trees

feature_importances:
Column_0=75
Column_2=56
Column_1=53
Column_3=20
Column_4=19
Column_7=14
Column_10=7
Column_13=7
Column_9=1
Column_11=1

parameters:
[boosting: gbdt]
[objective: binary]
[metric: binary_logloss]
[tree_learner: serial]
[device_type: cpu]
[data_sample_strategy: bagging]
[data: ]
[valid: ]
[num_iterations: 500]
[learning_rate: 0.05]
[num_leaves: 31]
[num_threads: 8]
[seed: 42]
[deterministic: 0]
[force_col_wise: 0]
[force_row_wise: 0]
[histogram_pool_size: -1]
[max_depth: -1]
[min_data_in_leaf: 20]
[min_sum_hessian_in_leaf: 0.001]
[bagging_fraction: 1]
[pos_bagging_fraction: 1]
[neg_bagging_fraction: 1]
[bagging_freq: 0]
[bagging_seed: 400]
[bagging_by_query: 0]
[feature_fraction: 1]
[feature_fraction_bynode: 1]
[feature_fraction_seed: 30056]
[extra_trees: 0]
[extra_seed: 12879]
[early_stopping_round: 0]
[early_stopping_min_delta: 0]
[first_metric_only: 0]
[max_delta_step: 0]
[lambda_l1: 0]
[lambda_l2: 0]
[linear_lambda: 0]
[min_gain_to_split: 0]
[drop_rate: 0.1]
[max_drop: 50]
[skip_drop: 0.5]
[xgboost_dart_mode: 0]
[uniform_drop: 0]
[drop_seed: 17869]
[top_rate: 0.2]
[other_rate: 0.1]
[min_data_per_group: 100]
[max_cat_threshold: 32]
[cat_l2: 10]
[cat_smooth: 10]
[max_cat_to_onehot: 4]
[top_k: 20]
[monotone_constraints: ]
[monotone_constraints_method: basic]
[monotone_penalty: 0]
[feature_contri: ]
[forcedsplits_filename: ]
[refit_decay_rate: 0.9]
[cegb_tradeoff: 1]
[cegb_penalty_split: 0]
[cegb_penalty_feature_lazy: ]
[cegb_penalty_feature_coupled: ]
[path_smooth: 0]
[interaction_constraints: ]
[verbosity: -1]
[saved_feature_importance_type: 0]
[use_quantized_grad: 0]
[num_grad_quant_bins: 4]
[quant_train_renew_leaf: 0]
[stochastic_rounding: 1]
[linear_tree: 0]
[max_bin: 255]
[max_bin_by_feature: ]
[min_data_in_bin: 3]
[bin_construct_sample_cnt: 200000]
[data_random_seed: 175]
[is_enable_sparse: 1]
[enable_bundle: 1]
[use_missing: 1]
[zero_as_missing: 0]
[feature_pre_filter: 1]
[pre_partition: 0]
[two_round: 0]
[header: 0]
[label_column: ]
[weight_column: ]
[group_column: ]
[ignore_column: ]
[categorical_feature: ]
[forcedbins_filename: ]
[precise_float_parser: 0]
[parser_config_file: ]
[objective_seed: 16083]
[num_class: 1]
[is_unbalance: 0]
[scale_pos_weight: 1]
[sigmoid: 1]
[boost_from_average: 1]
[reg_sqrt: 0]
[alpha: 0.9]
[fair_c: 1]
[poisson_max_delta_step: 0.7]
[tweedie_variance_power: 1.5]
[lambdarank_truncation_level: 30]
[lambdarank_norm: 1]
[label_gain: ]
[lambdarank_position_bias_regularization: 0]
[eval_at: ]
[multi_error_top_k: 1]
[auc_mu_weights: ]
[num_machines: 1]
[local_listen_port: 12400]
[time_out: 120]
[machine_list_filename: ]
[machines: ]
[gpu_platform_id: -1]
[gpu_device_id: -1]
[gpu_use_dp: 0]
[num_gpu: 1]

end of parameters

pandas_categorical:null
